968
272
278
427
474
968
208
534
66
88
198
119
635
769
965
825
962
250
42
568
1
134
393
242
365
547
781
601
334
546
484
505
271
504
994
683
603
504
470
60
848
914
145
333
288
764
770
983
377
348
983
123
742
415
879
299
175
393
802
920
988
17
969
297
815
112
258
901
574
127
4
758
152
970
161
450
879
668
585
399
315
840
659
306
648
273
583
363
302
127
142
937
454
222
603
710
572
317
587
598
847
224
431
394
310
123
643
731
645
19
206
725
309
498
218
778
857
727
14
711
76
928
926
423
208
981
356
154
114
706
696
674
889
761
43
322
870
209
89
564
853
551
605
541
153
391
358
166
69
455
751
50
743
552
461
375
295
810
569
379
421
220
725
309
393
908
739
756
940
401
297
432
932
642
913
587
748
354
493
51
538
427
272
8
89
52
463
348
895
81
326
332
81
445
439
58
795
807
917
515
100
854
238
772
5
281
575
44
834
560
866
453
513
1
355
357
264
520
864
228
43
486
134
617
498
740
536
29
513
964
779
779
522
884
29
299
605
609
27
50
815
60
330
848
496
443
757
645
894
734
509
688
384
220
823
582
605
827
126
596
498
656
770
921
714
720
921
578
439
908
305
219
239
130
559
279
475
190
154
29
913
949
969
855
465
897
147
775
748
462
421
17
488
799
373
575
472
894
158
61
800
295
772
906
71
831
799
647
613
262
13
807
388
110
824
947
955
47
614
369
212
577
295
136
471
173
626
315
400
393
560
664
804
445
74
419
689
422
877
35
451
279
203
569
242
687
838
529
881
764
262
23
970
545
610
623
732
822
867
800
230
861
379
574
734
132
373
226
778
996
102
737
32
933
824
574
745
172
360
692
16
594
814
180
120
162
857
0
275
806
981
474
287
670
772
131
626
983
945
156
903
260
597
146
601
244
240
98
828
535
617
81
227
206
569
694
563
510
809
95
487
185
284
149
581
817
950
53
789
457
524
947
786
891
942
765
281
143
815
241
583
775
589
76
919
364
900
49
192
139
141
522
700
482
11
837
349
154
950
22
379
752
48
149
337
91
773
12
565
676
552
8
237
533
721
945
847
928
715
95
593
525
225
163
768
255
936
359
924
443
375
219
447
454
595
661
262
315
927
852
896
990
961
777
196
799
208
619
264
614
473
741
52
143
377
510
940
842
45
549
156
107
813
31
454
1
583
215
839
484
247
992
599
592
540
586
375
401
238
326
493
905
171
616
115
717
34
952
878
945
295
709
418
379
820
239
251
67
512
375
806
901
529
317
366
583
422
910
842
685
639
256
243
319
398
459
868
708
974
557
442
310
481
890
747
865
224
847
235
649
164
601
697
775
298
471
328
967
58
497
217
354
296
75
886
747
131
66
713
287
292
401
131
542
481
664
729
857
222
162
857
415
85
890
306
504
900
561
337
645
581
703
152
769
212
188
473
168
25
441
104
427
885
263
198
261
201
195
18
342
513
749
10
873
600
588
119
683
734
17
998
667
156
284
35
776
695
678
536
316
483
612
596
883
167
348
998
679
366
144
752
132
638
628
177
347
233
973
171
45
305
968
683
581
649
580
238
291
542
510
160
705
868
895
608
11
293
132
592
752
956
465
553
735
464
770
459
992
524
704
513
193
667
269
411
745
944
972
13
805
692
656
837
860
753
935
418
408
787
826
952
932
830
340
719
589
467
772
251
270
612
505
119
964
574
314
771
666
575
967
340
258
477
535
354
257
350
782
301
566
213
675
48
327
250
404
0
679
811
414
446
288
286
853
736
937
129
275
294
964
456
153
535
175
805
976
708
812
94
50
444
111
832
274
327
204
42
813
919
699
572
931
568
121
430
646
887
700
253
846
168
474
776
894
50
871
65
542
102
497
951
566
493
417
303
668
111
217
259
851
79
68
411
344
91
894
416
2
954
250
80
853
463
506
43
650
682
278
836
735
213
388
811
934
843
568
615
653
156
376
889
778
214
951
147
497
462
836
951
747
436
918
933
220
36
998
284
114
729
673
266
741
60
545
79
767
938
975
635
137
971
566
887
759
967
31
617
633
515
909
985
79
313
436
32
857
318
427
761
136
396
243
791
340
976
619
462
763
486
946
254
243
448
992
82
492
182
688
895
557
263
142
80
289
941
753
574
294
302
318
884
826
367
449
744
378
532
56
854
648
379
85
383
248
558
568
158
687
998
287
507
921
605
755
593
653
620
649
642
903
179
497
186
27
103
166
80
313
325
722
865
177
661
814
471
411
546
139
823
251
973
456
424
688
457
392
391
672
770
31
256
698
935
17
495
671
718
87
812
525
958
150
636
242
776
310
76
249
703
157
97
252
414
237
443
487
232
817
320
188
595
271
268
873
14
57
382
162
641
550
910
51
940
953
835
639
48
931
937
758
585
18
615
950
221
772
607
193
718
993
486
679
947
221
435
696
885
143
188
336
37
466
44
479
723
677
98
100
737
104
403
949
54
973
350
318
294
905
232
236
86
574
718
604
30
974
224
860
839
510
838
342
172
533
9
165
62
967
548
821
551
882
300
59
271
588
810
614
613
191
738
889
949
66
604
447
360
838
223
641
649
210
229
262
92
443
290
664
465
203
222
311
454
28
690
940
11
530
191
692
126
442
802
999
118
411
347
412
157
632
565
691
327
942
312
310
935
440
202
245
17
925
460
493
802
987
64
68
323
962
9
187
493
951
835
576
782
587
505
695
697
624
653
709
220
456
785
185
971
505
573
799
474
625
498
666
367
49
187
30
518
49
259
311
862
249
137
289
552
335
648
637
688
546
923
508
677
82
542
931
866
489
303
835
959
490
195
428
281
165
974
390
262
284
18
772
797
325
616
773
689
388
149
224
127
363
539
67
229
137
33
312
674
989
573
685
116
870
853
151
981
169
13
162
471
813
442
703
422
6
181
778
861
500
187
294
8
191
10
112
808
809
614
405
998
168
818
681
511
871
402
421
773
25
124
524
438
945
375
306
829
576
515
537
119
308
752
674
112
601
35
197
780
966
339
636
393
207
298
898
649
387
559
987
942
657
672
208
390
60
908
403
110
320
950
281
539
503
526
376
979
557
682
262
2
284
554
43
489
109
657
165
33
772
943
366
125
438
987
148
348
234
590
325
486
593
947
316
78
779
50
140
270
680
444
232
657
167
656
101
577
190
500
45
640
671
752
953
92
860
124
418
948
975
233
540
111
528
557
951
556
91
120
859
131
421
268
303
210
875
113
886
500
407
422
87
93
16
396
152
232
621
772
334
25
430
145
812
390
968
792
885
688
802
828
463
952
584
62
462
92
796
121
570
792
939
411
935
545
171
160
303
310
847
177
142
463
5
778
17
615
221
144
843
414
574
121
806
471
574
102
643
337
221
587
838
216
151
888
872
907
436
64
570
456
774
438
668
692
631
151
735
351
508
490
733
51
353
948
371
277
746
873
31
333
324
213
580
856
398
40
64
549
807
391
150
796
453
623
996
313
671
637
91
496
520
849
286
371
353
513
258
199
561
738
441
909
635
81
162
20
28
815
280
931
856
835
269
4
688
289
684
868
666
224
776
616
438
641
227
225
184
116
535
600
118
397
131
756
23
995
483
576
822
433
199
722
643
246
917
94
44
567
821
897
117
436
266
369
129
447
272
266
867
216
214
459
678
302
618
887
877
793
147
456
327
907
87
182
859
949
601
652
916
237
758
259
402
28
685
560
733
38
65
561
406
379
596
414
211
674
769
498
783
45
22
56
228
152
452
394
470
123
301
436
437
735
257
575
38
509
397
922
727
194
241
379
293
919
235
467
644
828
477
920
954
220
368
284
16
444
916
58
6
454
101
416
794
498
19
976
533
267
838
121
906
31
316
259
820
65
41
832
530
993
82
685
370
162
302
616
344
596
337
427
472
216
846
702
792
817
992
459
411
522
61
27
907
706
760
974
966
948
713
384
372
491
427
270
906
859
234
152
622
123
39
321
960
558
402
745
897
864
227
604
3
702
829
547
405
38
55
536
913
814
351
134
547
528
445
359
368
531
834
568
473
357
308
63
227
980
375
533
404
820
457
765
243
178
241
76
92
807
429
35
312
817
536
728
461
763
836
491
727
173
721
180
138
214
202
906
699
669
592
605
482
632
341
653
334
723
23
412
629
786
224
294
478
282
166
361
253
713
739
119
858
846
91
608
679
483
997
77
484
911
41
167
777
824
492
542
127
549
467
269
835
754
682
987
976
141
591
669
200
477
575
638
783
938
500
920
372
119
131
668
348
108
6
670
61
344
578
636
564
140
151
845
451
643
87
470
379
53
141
632
609
699
44
869
344
412
265
825
476
894
582
445
166
249
987
86
129
53
683
196
223
779
672
591
80
497
916
900
345
895
254
909
533
151
293
767
859
34
36
5
323
108
594
378
278
25
5
763
537
842
970
570
349
928
35
719
759
745
925
937
583
167
293
82
735
494
839
401
498
686
755
913
422
766
948
975
503
410
926
561
450
619
788
993
226
829
515
401
523
326
422
448
553
105
366
322
531
178
302
214
994
501
945
873
472
407
328
633
463
998
644
924
383
349
780
406
82
839
836
48
208
740
66
206
923
913
142
489
366
658
709
851
263
195
106
10
101
588
74
555
856
626
218
880
780
418
847
108
233
1
706
698
347
471
94
470
712
738
303
435
835
439
505
972
165
211
970
62
570
647
325
626
343
122
628
385
62
120
945
655
571
681
777
10
127
740
238
620
894
66
711
436
575
559
774
164
183
18
205
323
139
958
774
849
792
906
326
131
96
939
550
245
236
921
558
892
576
814
717
270
512
867
609
0
61
197
223
903
187
860
816
51
106
293
641
405
423
669
453
458
87
821
609
167
224
806
859
516
147
354
648
237
833
913
313
875
161
597
977
426
812
773
158
603
53
414
609
370
320
144
19
786
702
740
454
276
346
772
734
478
764
314
266
600
263
978
763
362
8
244
943
833
221
353
594
320
624
807
43
235
895
63
238
983
450
700
147
109
608
102
354
646
749
348
696
432
60
784
667
655
85
285
527
47
788
971
10
549
102
923
50
517
552
206
409
717
54
383
890
681
988
265
27
40
980
595
422
20
269
17
582
495
597
324
915
232
611
321
481
781
363
198
403
147
823
472
584
392
670
435
823
274
459
361
453
864
493
916
880
14
414
670
454
958
387
941
767
785
903
533
988
390
900
13
970
249
351
267
271
309
271
787
944
604
538
594
580
458
683
794
585
578
811
870
697
144
491
397
480
654
452
387
693
306
700
827
227
532
182
145
98
630
996
83
935
588
123
504
181
218
906
809
438
245
520
100
74
10
906
359
146
234
62
857
506
527
552
500
281
768
470
367
854
944
433
984
593
173
931
278
490
325
63
429
562
234
281
587
5
94
619
351
441
74
17
161
669
984
611
12
161
56
276
528
262
799
923
509
753
540
622
66
217
29
541
426
674
894
666
232
910
393
859
562
856
377
225
328
580
296
337
200
838
361
189
930
837
592
974
542
868
789
591
942
909
975
257
21
226
661
695
687
506
480
29
626
916
204
34
322
522
117
695
427
293
830
195
487
129
557
924
799
381
571
332
894
690
263
518
537
486
82
483
443
323
821
790
349
32
414
432
155
556
426
72
313
722
796
811
436
502
524
444
309
402
507
808
632
413
194
760
435
505
954
652
202
871
829
713
103
585
68
750
382
692
67
761
119
248
151
161
597
486
175
143
171
581
24
286
814
472
106
628
374
799
392
300
766
737
333
378
938
515
274
682
936
448
516
565
832
260
162
833
821
326
20
731
957
826
854
540
237
337
660
813
726
678
496
616
812
629
311
101
956
969
730
982
765
274
665
968
728
658
497
462
482
907
165
3
264
447
250
852
553
794
805
296
991
984
304
293
183
695
649
808
569
873
371
80
497
552
485
207
283
429
265
262
382
520
208
4
143
846
448
563
406
561
479
344
253
842
497
165
61
91
134
420
75
844
103
946
984
797
230
941
798
731
93
868
582
496
223
617
222
819
851
29
175
17
712
505
485
407
834
69
304
294
81
455
80
689
650
593
925
797
583
255
372
701
466
371
533
850
112
807
281
403
224
807
954
783
506
824
58
972
140
681
21
66
728
892
331
402
793
297
485
724
924
848
705
138
732
544
425
423
269
273
405
322
898
842
185
533
363
936
881
77
734
53
72
5
709
80
936
819
56
910
820
583
137
836
546
28
790
432
596
700
444
124
885
580
582
77
313
65
645
390
853
325
889
484
629
962
30
678
820
194
90
676
766
817
418
872
202
223
213
189
459
478
568
778
701
4
296
867
429
893
934
661
762
969
604
372
375
821
934
635
34
337
212
838
214
421
500
871
757
161
284
292
138
375
237
594
162
343
147
112
650
935
408
874
164
917
353
351
227
323
673
906
70
61
337
218
634
49
945
470
111
12
639
529
908
493
702
309
767
256
291
151
141
890
849
919
687
492
28
235
229
422
714
39
845
777
310
579
996
432
734
440
261
52
716
992
823
331
569
513
176
861
733
126
200
818
36
747
504
803
282
58
25
811
847
79
49
490
390
740
905
447
623
426
106
886
388
573
725
317
705
986
401
519
252
103
607
28
172
583
466
102
455
994
803
383
243
461
48
908
669
650
948
272
568
639
850
462
942
163
987
896
506
819
567
133
229
504
904
250
175
681
690
680
854
541
166
221
82
637
494
946
169
962
139
529
94
579
930
776
467
880
565
814
616
896
725
137
948
107
277
554
224
349
226
478
507
528
183
521
472
156
965
337
748
694
464
44
667
771
180
775
890
823
254
789
463
910
647
832
92
765
923
543
531
910
536
395
787
151
10
575
465
542
499
588
290
867
104
79
76
706
886
656
421
507
675
312
843
792
26
181
314
474
126
812
556
136
863
965
746
302
931
980
905
94
843
921
224
813
294
109
757
268
420
839
104
889
344
18
672
218
593
997
105
318
754
768
718
368
652
669
563
400
85
666
300
952
26
666
441
864
448
954
715
14
0
911
568
230
993
74
786
993
408
780
445
125
178
212
95
105
106
978
339
867
613
695
950
856
875
899
130
312
88
523
616
171
512
197
792
212
514
761
909
96
955
110
644
475
555
597
442
584
605
430
605
42
431
38
563
987
202
930
487
856
579
730
666
312
328
716
917
424
502
276
21
260
463
822
247
587
289
344
835
527
617
974
462
744
479
659
479
741
715
960
227
806
77
261
539
872
242
810
307
854
130
840
190
616
735
312
965
563
96
816
118
533
299
118
377
579
137
290
622
641
762
444
370
284
866
391
321
920
180
873
637
522
858
655
156
465
151
458
952
389
603
72
967
628
998
625
147
45
280
207
764
243
212
16
841
136
29
244
742
307
81
165
311
647
698
191
731
226
123
310
644
415
960
630
874
112
206
380
391
227
505
647
925
303
236
825
396
372
395
40
72
13
781
251
902
547
630
955
543
343
240
225
478
531
513
238
283
981
359
554
394
289
416
516
918
218
159
147
422
949
168
31
305
987
373
767
734
9
553
648
61
133
345
358
337
766
611
714
758
168
326
664
183
603
713
972
897
856
744
577
660
696
592
525
303
768
852
268
82
212
632
752
199
991
66
482
946
756
177
864
896
829
798
858
603
797
527
306
891
12
194
328
961
199
895
319
749
17
598
776
167
962
415
96
506
81
224
689
44
809
833
690
563
742
187
740
90
859
207
570
744
18
60
395
98
847
856
624
182
769
439
804
760
925
106
725
394
792
446
654
100
553
69
38
404
354
554
257
215
977
462
864
741
975
679
71
314
195
528
812
856
244
252
263
290
778
556
626
836
912
904
734
454
824
562
943
799
682
38
645
102
139
485
785
884
670
649
144
94
529
59
487
830
735
792
147
504
709
522
363
458
739
259
789
53
898
20
297
793
468
195
326
556
652
507
575
562
179
477
978
801
876
669
245
428
101
119
437
743
530
176
268
514
160
185
966
622
202
798
632
644
300
317
558
413
594
666
808
220
619
552
336
704
512
897
946
285
347
198
384
954
37
586
353
134
536
888
734
772
22
182
273
125
860
361
346
308
711
367
823
820
409
652
439
350
384
244
731
463
636
680
777
78
850
451
967
220
89
124
704
139
496
78
86
905
867
618
509
502
16
446
512
448
98
831
762
792
25
322
194
797
908
737
876
823
925
217
112
558
391
983
818
113
446
251
717
618
418
124
300
638
74
979
695
514
697
724
366
273
568
807
661
259
232
613
268
808
361
382
386
282
228
599
670
399
138
744
881
85
799
92
75
209
383
498
840
160
819
344
615
782
655
367
263
21
643
409
230
453
588
727
408
498
999
15
792
427
809
955
214
159
342
853
789
786
756
958
600
37
195
894
184
939
979
165
820
711
946
272
118
827
968
663
222
668
465
924
725
529
199
950
704
66
569
883
919
182
197
596
705
564
829
66
998
507
320
750
473
781
424
894
431
350
363
628
952
450
104
216
97
13
488
510
972
444
39
394
669
264
661
944
553
51
478
120
269
371
898
982
464
475
273
120
222
345
999
712
371
594
760
697
256
481
176
455
76
103
177
655
306
293
322
197
499
581
689
981
704
190
117
177
87
741
354
913
103
208
593
928
313
55
715
371
981
60
843
821
230
841
229
173
731
728
879
873
675
285
946
172
468
984
861
346
665
855
254
677
597
73
133
712
120
692
768
888
677
496
797
859
629
37
71
256
524
798
503
334
333
921
374
177
717
230
645
63
49
341
322
808
517
621
319
524
923
367
840
166
532
113
65
814
709
294
850
493
168
946
240
89
598
884
657
880
127
236
859
954
510
844
9
375
723
978
963
463
846
443
785
808
101
420
221
762
298
410
554
663
868
929
852
774
912
66
165
726
757
845
673
527
297
350
647
85
570
932
637
262
813
100
63
163
973
548
899
171
600
900
980
458
132
199
848
552
729
670
544
718
259
662
285
388
271
72
73
438
207
118
745
957
620
814
85
129
503
183
208
876
132
447
939
226
243
287
769
741
948
518
262
492
606
138
177
723
725
918
923
519
966
469
674
216
856
773
327
432
224
966
313
482
488
801
739
452
614
422
409
367
597
85
322
821
922
54
362
130
725
732
55
562
546
101
894
994
491
925
34
571
28
751
368
122
10
109
609
443
969
847
141
195
968
607
72
836
539
509
644
59
85
663
131
461
480
872
15
568
619
17
169
831
726
734
98
101
869
239
928
291
295
726
929
924
938
864
397
445
156
788
267
418
960
57
555
564
612
37
99
935
563
807
368
503
332
374
91
98
573
243
813
264
501
640
384
728
741
268
892
709
114
255
827
869
371
192
202
185
857
502
444
360
135
314
436
279
767
204
959
531
543
861
99
415
134
129
280
145
751
447
778
518
473
713
976
86
464
358
236
586
700
295
751
954
803
895
784
803
598
715
513
414
173
56
847
507
880
476
636
20
723
965
554
70
724
502
629
186
884
656
822
251
952
589
768
199
876
120
641
504
835
192
47
101
253
354
724
625
452
134
23
501
381
298
520
161
384
355
376
541
644
683
923
630
731
572
179
749
892
10
274
529
819
974
92
980
217
150
670
283
161
442
799
967
601
354
857
513
625
932
36
107
747
921
352
841
806
175
868
533
105
425
800
794
473
258
819
769
775
528
738
447
49
341
438
488
987
378
568
172
954
988
124
71
261
736
551
231
768
466
607
78
206
921
302
360
282
735
33
222
2
108
619
528
985
266
265
850
512
268
578
853
360
591
413
734
254
770
519
844
555
82
343
243
271
358
128
269
402
714
395
736
454
527
590
643
52
558
876
714
506
581
506
729
966
603
340
116
714
597
34
757
212
379
858
703
248
268
667
791
28
430
643
787
584
115
142
611
352
885
899
339
167
721
372
986
153
33
323
909
798
660
508
365
494
976
555
327
829
624
834
402
957
136
942
371
282
325
199
452
214
882
970
899
538
148
93
230
837
263
583
637
948
578
793
376
678
614
141
583
51
532
745
352
457
196
984
283
378
369
94
738
901
921
173
900
895
611
17
193
214
713
700
383
50
805
774
682
648
568
981
379
629
573
749
279
275
437
565
344
611
475
942
921
935
631
808
547
834
280
786
285
663
498
430
208
915
120
751
768
424
451
335
102
134
192
994
618
312
215
753
870
561
415
539
390
161
896
623
564
592
489
486
224
413
599
80
132
467
999
14
589
9
794
736
741
796
767
2
782
668
903
103
681
0
482
434
685
438
959
669
11
475
256
337
85
715
419
624
975
654
709
626
213
48
666
490
92
82
520
548
310
170
513
5
765
196
846
279
200
411
768
920
155
881
306
966
136
950
395
665
300
536
928
508
469
448
902
210
807
189
37
361
78
279
208
958
421
458
960
525
701
916
256
618
337
365
340
657
454
906
107
366
216
990
307
562
296
686
539
339
530
327
507
959
482
895
304
557
62
460
453
472
559
756
323
392
593
299
496
455
850
211
30
69
279
811
170
152
866
966
101
3
112
974
55
194
679
525
455
303
196
464
951
772
618
529
940
174
919
991
316
131
104
52
144
808
717
970
497
497
55
355
495
333
734
845
892
676
743
894
670
649
363
185
52
990
675
756
240
625
294
925
242
9
101
361
942
452
238
681
276
385
36
778
765
44
992
495
221
228
705
93
772
93
662
35
438
914
988
724
386
379
404
338
272
302
507
624
475
405
917
148
735
956
164
151
284
270
890
522
904
843
974
808
490
760
770
722
162
219
651
379
951
561
299
392
201
61
529
275
509
207
23
589
998
399
635
149
672
453
911
978
871
39
116
448
239
558
603
571
949
997
100
765
130
878
927
285
16
475
32
191
821
886
160
249
269
662
606
529
452
150
476
681
120
12
662
940
236
395
989
256
306
525
426
456
944
816
494
340
779
595
214
7
505
558
516
973
200
484
856
543
676
430
645
917
934
988
208
950
544
162
596
799
900
894
129
230
92
930
442
937
517
762
933
232
357
187
206
820
619
389
381
34
341
695
854
856
388
118
559
67
325
129
555
83
561
644
669
515
35
15
217
952
89
939
180
542
188
776
651
194
202
462
233
391
771
942
83
16
552
179
613
943
143
99
175
336
315
852
978
245
193
605
533
790
717
914
316
460
955
539
768
771
265
506
65
586
441
959
223
552
501
665
784
453
195
275
404
914
984
921
845
302
201
574
706
645
52
708
51
743
157
494
358
475
924
861
256
662
884
789
527
348
679
980
268
698
389
63
382
269
643
128
17
978
399
671
214
699
338
548
948
163
335
583
436
958
656
252
522
552
159
438
439
905
890
527
900
17
136
345
929
222
344
